F1 score: 0.8000429322743372
precision: 0.9746272560816113
recall: 0.6783178590933916
